00100001001010010000000001100100
00100001010010100000000011001000
00100001011010110000000100101100
00100001100011000000000110010000
00000001001010101000100000100000
00000001010010011000100000100010
00000001001010101000100000100001
00000001001010101000100000100011
00000000000010011000100011000000
00000000000010011000100011000010
00000000000010011000100011000011
00000001010010011000100000100100
00000001010010011000100000100101
00000001010010011000100000100110
00000001010010011000100000100111
00100101001100010000000001100100
00110001001100010000000000000011
00111100000100010000000001100100
00110101001100010000000000000011
00101001001100010000000001100101
00101101001100010000000001100011
00111001001100010000000000000011
