2 1
1
7 3
2 5 1
7 6
2 1 4 5 3 6
101 20
1 9 28 95 2 80 16 62 72 57 61 88 39 98 35 11 81 23 65 71
101 30
81 18 43 20 12 71 54 48 8 63 85 13 69 90 37 75 78 46 17 80 65 52 31 9 73 56 1 45 70 58
1000 200
730 509 268 368 623 691 830 914 80 723 346 437 500 263 366 191 258 562 144 663 313 727 528 618 475 636 902 548 190 612 759 976 408 326 44 86 405 941 935 390 342 576 752 18 952 244 668 689 898 108 212 118 306 575 354 69 547 821 869 52 770 673 963 266 533 87 758 579 352 741 881 104 281 50 63 848 884 199 799 435 444 443 122 726 672 594 749 317 709 822 839 462 802 208 515 146 942 729 172 123 955 355 56 43 154 142 131 252 188 831 823 322 649 42 670 710 479 70 766 481 506 861 406 175 74 335 552 201 20 467 21 386 296 119 922 779 267 341 683 817 153 476 868 712 686 162 671 418 279 678 572 617 832 919 298 329 389 262 129 682 81 795 387 318 120 920 559 640 651 257 345 367 827 721 565 276 684 486 332 895 918 893 878 295 76 647 951 456 525 563 495 944 604 112 737 380 16 739 273 664
1000 50
437 854 489 317 218 654 857 892 863 972 86 391 143 634 772 619 329 505 315 49 635 565 79 815 983 913 620 564 467 811 508 771 114 534 561 395 199 528 803 986 424 28 203 484 266 46 175 138 546 830
10000 150
7223 2232 7517 6838 9962 6847 3276 3685 5311 7776 635 9292 4080 9487 6592 7236 5323 5398 7047 4995 1213 9246 7489 5405 4152 2021 3236 8344 4503 195 5940 8881 7986 8134 8668 7284 6622 7388 5959 8174 7523 2351 7878 5433 8492 7408 1496 7269 349 7501 7913 4506 5443 3030 9285 214 6489 766 4991 364 9255 4391 5520 1415 5363 9309 8896 2382 5103 3241 4801 1145 5972 4325 7833 3508 5319 4638 5105 1721 5810 7083 9824 4613 2103 7935 2252 6639 7432 3323 5075 3679 7598 1519 5367 2818 9664 1640 8491 6200 6084 5046 846 7950 460 7405 1040 1378 2932 4340 5494 2857 6792 221 9040 9063 3041 5372 3264 5388 7629 5062 478 4763 7677 2962 6769 6655 3018 3028 719 7657 5617 3774 2862 1072 5805 129 8269 9237 9356 2890 863 5101 8005 5859 969 3515 4369 9207
100000 199
71164 8493 41019 44818 54134 17990 69162 32120 48393 48714 54267 30928 66802 73428 8225 1923 57992 91862 28405 41182 10097 2546 79815 36194 79739 31935 78717 96687 9112 2309 18527 22913 60117 60635 5867 62509 87001 93610 48088 10927 45772 92744 92437 15546 54392 62197 24576 96259 63658 57331 14668 31169 60251 48067 99509 33539 97296 22422 28280 55262 67432 65178 94011 51525 42856 26185 49763 16034 6700 8787 24862 30268 82888 59183 49875 59668 76548 42448 96 12144 16961 44391 65204 63319 58197 10107 2908 56464 82488 38296 38291 68119 19078 63293 90339 78407 91649 78909 53100 30451 74557 12207 26661 91868 86098 24259 22661 83862 94402 35384 40225 76664 16633 44110 64607 344 50740 52523 51262 36479 18798 49307 35126 33029 37803 32148 84399 76201 41835 99542 34642 99728 21137 28307 30020 97001 98376 15388 83853 87568 73316 64209 7031 93783 54106 14141 7934 60947 65198 56907 61644 26075 52443 36449 49214 53833 43171 53791 608 31094 40531 82974 67923 38968 87916 33784 36375 19053 97466 28760 99076 65083 85251 24529 94794 18298 74373 96811 66625 83577 44983 54639 28162 90987 12313 80972 48197 46242 91169 81781 51905 32497 3142 12657 4733 78638 84336 30445 66713
100000 100
31146 17829 73814 78651 31239 56666 94541 17857 60235 21306 84646 77148 5589 11329 5752 48566 60495 35917 93107 2216 92666 19106 75105 8745 92084 44280 52314 35374 76429 63196 93765 87191 55931 16278 4718 18245 28732 51814 59999 67138 39472 5013 89434 36458 6109 69289 27617 61503 1754 80332 83708 30310 34170 29968 41843 97600 47774 51413 3681 76781 54878 1235 45744 29954 48538 79140 92959 28319 40429 11093 36733 35585 69918 56893 50668 58728 1361 842 53677 69585 72941 39705 98920 41127 17015 25117 69172 29024 31988 63822 35861 65466 79370 62758 21567 23127 12454 29545 44673 39217
